132
167
175
177
37
3
136
4
126
109
130
42
215
124
246
201
102
235
227
254
248
0
156
244
100
170
172
76
65
50
89
17
67
134
32
104
145
216
8
224
209
54
87
118
55
9
176
163
192
252
106
35
41
221
212
120
184
204
162
243
122
30
171
185
18
135
194
182
253
245
144
95
186
211
94
223
59
112
34
237
189
78
88
200
249
154
45
111
16
173
125
105
164
191
148
225
107
151
90
19
48
73
179
149
15
238
26
121
96
146
233
71
205
56
2
47
31
250
36
133
228
241
27
138
137
193
24
198
70
166
202
239
52
174
218
178
143
159
115
61
131
229
117
12
231
79
44
62
119
206
77
208
43
197
158
168
220
53
23
242
207
5
63
251
108
188
101
183
25
140
180
20
150
66
69
58
82
97
114
92
127
39
190
38
98
21
85
160
128
226
116
74
10
153
129
51
123
165
13
217
169
91
6
255
213
234
139
219
147
49
199
80
181
33
222
247
72
75
11
93
230
155
161
152
232
99
68
28
142
81
157
7
83
187
84
1
29
64
40
113
14
46
103
195
57
240
22
210
203
196
214
60
236
141
86
110
