67
24
159
30
137
225
245
253
32
150
62
128
54
241
227
22
133
197
141
2
83
207
14
173
87
135
215
189
183
140
219
77
172
10
199
139
229
114
111
102
66
234
170
247
228
58
52
31
252
151
223
125
123
152
23
8
236
206
90
9
217
81
53
203
214
39
65
171
195
45
211
21
18
122
154
49
47
107
51
79
136
72
44
242
11
4
202
63
174
88
181
76
68
213
37
248
187
186
117
82
212
34
41
243
180
168
231
246
124
191
97
56
200
127
182
169
120
209
145
192
0
73
105
132
188
149
3
19
78
161
146
126
237
162
59
216
112
153
75
239
142
109
26
38
254
71
121
42
84
36
134
43
5
190
89
251
80
91
230
96
6
210
201
93
13
166
95
208
48
85
205
147
1
175
193
221
40
198
115
157
240
50
61
16
17
86
244
94
113
144
222
60
224
184
138
250
218
255
194
100
143
119
103
101
12
167
74
196
176
106
104
57
29
178
158
25
238
64
163
232
220
118
108
131
15
129
204
27
7
20
148
98
185
33
69
92
156
99
177
155
160
130
226
110
70
235
233
35
249
28
46
165
116
55
179
164
