51
83
194
105
110
108
207
232
122
67
43
216
154
141
90
119
177
102
78
245
199
133
161
178
82
26
247
198
175
162
115
131
211
86
99
201
254
17
76
125
103
137
180
2
109
212
41
28
117
241
118
191
1
111
113
128
44
6
84
10
237
53
169
220
233
48
170
124
246
112
206
242
226
54
142
32
222
240
13
120
9
135
37
75
179
151
81
11
63
182
157
176
228
160
16
18
31
215
166
219
145
55
23
61
74
192
171
127
214
39
187
146
85
196
190
197
126
202
94
77
25
35
139
52
252
230
50
208
173
244
70
121
123
65
174
235
38
60
217
66
251
19
239
92
234
236
248
223
255
158
89
156
231
184
229
205
149
80
62
164
30
148
144
189
132
101
93
183
238
249
116
224
49
140
24
59
153
172
58
87
138
204
97
104
15
79
3
225
200
218
42
4
12
7
253
73
29
47
0
69
8
40
72
213
130
227
143
14
68
168
193
147
21
96
57
186
91
243
203
129
136
20
210
45
46
250
163
114
107
165
36
71
134
88
27
209
34
155
221
33
185
181
22
56
167
95
106
150
5
195
64
159
152
188
98
100
